-5.394561602959027091e-01
-1.698894831862350074e-01
1.542755105334486510e-01
2.225412863058944257e+00
4.942659535571302665e-01
1.043682746243113302e+00
2.499043398661032533e+00
5.214730879806008801e-01
1.042641224403301203e+00
1.131496181163418185e-01
-6.296755774019738294e-02
-1.577627102958275851e-01
3.551798512349867501e-03
8.676645082667135134e-02
1.097826154884063987e+00
9.987828125859423700e-01
1.151740650936890376e+00
1.196380780878832095e-01
8.182112624963140679e-02
9.527965050966238358e-01
2.264456183865402872e-01
2.288921182013870792e-01
3.046973399847141106e+00
4.117958805165046199e-01
-1.865707713243141885e+00
-1.010883751464646707e+00
-5.249476969375195701e+00
6.689255548858202838e-01
-2.093035802817132307e+00
-4.009890829937937662e-01
-2.258892452459470013e-01
-2.334326084032950721e+00
-7.363047569049934182e-01
7.881617217579928170e-01
-1.839067041231963850e+00
9.789226320944643955e-01
2.169744200324119632e-01
-6.001351794580581656e-01
-9.495646212012673892e-01
-4.735186009610981017e-01
-5.707753002718161994e+00
-2.881113727584986961e+00
-9.454540447432734362e-01
-1.488527828792379104e+00
-7.771381057058344144e-01
-1.542788775894879949e+00
-1.854182666697337778e+00
-3.783606534907130392e+00
-1.338058688255833406e+00
-8.060160913043278308e-01
-8.676845578990420860e-01
3.170676951968838253e-01
5.065756331867462769e+00
2.683549597750253923e+00
-1.304467811441704581e-02
8.061924776708489018e-03
6.275003446428696011e-04
-1.448484508905145907e+00
